1,266,313,368,57,91,469,39,288,452,45
2,366,417,378,550,189,528,495,461,279,435
3,313,377,532,527,312,555,271,561,138,1
4,391,603,156,275,597,469,57,221,135,330
5,470,229,565,235,142,476,512,58,379,468
6,117,181,58,240,411,43,436,559,592,136
7,239,399,220,354,438,434,608,425,166,167
8,379,94,512,347,446,565,470,455,126,566
9,508,165,399,77,407,439,112,376,570,25
10,159,143,563,177,189,509,491,466,68,331
11,486,176,340,126,379,485,133,588,179,304
12,583,406,280,100,113,224,132,489,104,58
13,299,591,97,77,209,493,333,267,399,494
14,94,411,512,373,170,121,446,8,565,470
15,247,279,434,141,399,254,352,62,561,573
16,17,131,445,348,251,400,497,343,152,247
17,16,400,434,247,399,362,549,131,72,464
18,249,305,62,247,239,573,580,561,434,63
19,217,555,57,294,469,91,135,45,288,597
20,169,517,525,381,234,45,177,288,64,509
21,292,249,534,475,380,68,62,561,448,177
22,434,331,254,190,435,487,233,88,301,282
23,16,391,187,387,221,469,91,168,580,131
24,247,561,52,239,279,560,166,219,62,400
25,189,209,407,30,515,77,112,366,601,549
26,126,242,485,56,379,192,512,588,340,37
27,57,577,217,186,527,590,288,201,234,202
28,239,580,480,219,434,414,305,590,166,608
29,317,279,63,328,17,590,137,339,522,305
30,407,77,549,25,231,439,112,550,189,494
31,71,524,270,206,214,32,389,150,276,451
32,270,314,150,117,206,521,451,337,602,372
33,263,5,372,566,191,58,391,446,323,54
34,438,354,166,129,200,428,608,381,220,219
35,429,8,458,38,145,566,46,411,174,455
36,469,431,195,168,288,194,290,590,422,368
37,485,340,130,569,574,26,176,374,126,94
38,235,446,566,455,411,58,117,8,404,512
39,231,469,1,372,494,135,91,328,330,313
40,411,38,604,117,136,455,373,584,446,46
41,317,233,301,560,339,434,305,331,417,105
42,45,368,68,608,555,414,453,135,64,452
43,240,584,592,470,117,395,447,436,6,94
44,350,492,337,389,277,364,529,451,456,521
45,608,330,453,480,226,219,570,239,425,91
46,468,242,126,145,130,134,94,512,347,485
47,159,461,177,495,41,339,562,153,282,414
48,303,570,239,520,264,475,425,91,438,580
49,439,319,296,549,581,300,515,494,15,511
50,328,247,434,233,387,18,103,298,339,16
51,288,608,414,64,599,274,590,469,19,480
52,247,211,305,279,331,249,573,466,24,560
53,278,172,369,216,288,492,410,57,1,599
54,126,81,94,512,133,102,379,340,470,179
55,553,585,219,88,211,239,236,528,28,254
56,94,126,179,379,512,242,46,176,592,26
57,469,590,202,91,19,368,217,288,597,266
58,117,446,566,38,411,235,470,373,174,584
59,137,465,572,469,290,312,368,57,168,221
60,338,152,472,348,295,319,364,189,515,278
61,513,131,254,289,330,16,434,370,449,204
62,249,247,18,475,305,352,596,298,551,212
63,434,573,247,328,219,330,522,18,220,166
64,480,608,226,68,307,330,414,580,91,274
65,378,366,515,581,549,247,123,417,189,25
66,91,330,480,64,425,561,434,608,288,570
67,549,209,399,407,247,439,15,471,434,254
68,414,274,608,249,177,480,219,232,380,200
69,335,400,197,72,399,115,267,220,464,330
70,590,577,300,589,437,461,357,572,84,137
71,364,389,350,529,270,451,31,214,337,521
72,133,565,512,17,400,81,178,54,302,399
73,249,525,298,62,212,68,573,365,177,111
74,346,387,474,454,168,606,221,199,391,156
75,231,494,439,407,399,376,524,30,213,590
76,417,131,434,17,348,400,445,330,522,247
77,399,30,407,189,25,86,112,366,487,475
78,231,72,220,81,133,557,96,399,179,524
79,493,494,183,577,266,532,368,96,39,452
80,573,393,239,432,249,331,580,219,305,247
81,94,126,340,486,54,379,176,512,133,56
82,438,608,573,453,425,570,219,452,480,239
83,434,247,581,332,417,339,189,233,460,17
84,437,372,385,117,235,411,404,572,6,597
85,467,33,278,360,481,603,199,372,263,182
86,399,77,223,407,189,247,254,464,220,581
87,398,600,445,287,16,259,216,387,381,416
88,247,378,189,434,233,581,460,417,254,61
89,564,111,249,177,365,525,298,21,534,232
90,270,206,150,521,451,302,372,350,389,120
91,330,608,570,313,590,480,425,57,288,274
92,158,146,281,605,484,525,200,20,358,517
93,304,470,11,379,201,485,126,559,592,395
94,81,126,512,470,347,379,56,8,242,455
95,303,580,312,434,239,182,480,608,570,91
96,494,183,570,231,72,368,452,607,266,78
97,399,77,13,86,593,464,494,286,69,166
98,601,247,417,177,62,400,487,15,401,305
99,130,353,429,136,46,574,584,447,242,174
100,357,330,45,480,84,597,42,169,200,144
101,591,535,342,392,457,157,409,391,453,45
102,512,126,584,94,592,321,588,56,353,379
103,328,590,247,226,177,434,64,68,480,288
104,525,177,489,517,381,132,68,426,200,263
105,339,305,249,298,62,560,18,233,331,41
106,291,556,466,475,537,148,62,407,205,581
107,130,468,94,242,145,46,340,485,121,192
108,489,354,165,286,169,263,504,570,77,132
109,602,235,117,411,455,512,588,102,446,38
110,16,251,445,131,433,17,152,317,322,178
111,365,249,564,68,298,232,73,484,525,177
112,30,399,25,400,77,247,17,330,189,121
113,84,572,156,474,603,59,606,597,409,290
114,291,148,205,475,247,466,426,77,459,581
115,57,135,91,453,330,304,452,19,45,266
116,570,144,379,530,321,512,590,354,425,230
117,58,446,411,470,602,404,455,38,566,314
118,348,131,72,464,532,494,400,302,503,413
119,247,233,249,466,21,141,18,62,601,331
120,350,364,529,456,150,389,276,521,451,337
121,455,235,446,229,602,512,38,174,353,470
122,298,610,249,434,305,330,573,561,560,63
123,582,407,247,279,601,417,30,400,211,65
124,17,254,72,443,247,330,131,198,399,166
125,249,298,62,212,610,18,417,305,560,247
126,379,94,507,512,81,485,179,498,470,340
127,188,396,412,518,137,290,590,409,221,59
128,494,137,57,231,572,290,531,72,75,131
129,239,434,219,580,230,381,200,425,428,608
130,574,468,145,242,107,485,340,46,94,126
131,400,16,343,17,152,433,348,362,415,76
132,489,330,307,200,600,480,64,525,483,381
133,512,565,126,379,81,54,8,235,142,588
134,46,512,126,353,468,56,584,574,102,130
135,570,330,452,91,19,313,266,469,45,57
136,584,353,240,284,99,592,411,6,46,458
137,590,572,290,59,469,399,16,221,577,17
138,216,493,375,160,450,324,257,384,508,4
139,393,475,582,466,573,62,596,77,68,249
140,590,480,414,288,239,438,368,28,68,608
141,247,434,220,573,219,239,200,561,381,483
142,126,512,565,94,349,379,455,235,446,133
143,10,159,563,358,583,177,73,280,525,232
144,570,286,434,425,347,330,94,446,235,470
145,130,468,574,46,569,485,242,374,126,107
146,92,375,345,120,484,242,259,177,274,468
147,431,194,335,121,58,99,353,36,181,91
148,291,154,114,582,466,556,308,247,601,426
149,303,186,265,524,312,304,201,376,164,452
150,270,389,521,451,206,364,269,337,529,350
151,492,529,214,456,277,350,389,337,71,270
152,415,497,317,131,348,17,400,16,343,433
153,41,526,417,241,132,418,525,581,233,300
154,148,291,550,582,212,247,184,30,21,596
155,115,591,453,135,45,141,93,438,330,201
156,275,469,391,597,603,57,221,387,216,474
157,342,101,392,193,384,409,172,282,42,591
158,576,92,236,440,457,68,274,342,87,51
159,491,426,10,47,41,177,200,153,525,381
160,330,91,313,608,570,57,391,452,19,368
161,396,167,488,20,310,517,63,263,376,476
162,117,404,437,58,455,373,411,470,121,38
163,360,481,304,11,263,461,33,396,42,336
164,494,303,493,183,267,452,231,399,96,570
165,494,493,399,79,549,77,480,17,96,183
166,434,239,254,580,247,570,219,370,480,220
167,220,330,239,434,226,141,45,91,219,328
168,221,16,137,469,290,156,59,415,23,590
169,45,381,200,357,438,226,20,68,480,525
170,379,94,458,455,126,584,592,470,404,530
171,372,385,32,330,524,602,328,302,91,84
172,399,189,591,137,254,195,288,72,561,69
173,470,94,446,54,347,229,81,235,349,455
174,584,446,347,512,455,592,94,321,229,470
175,563,143,87,406,10,506,502,9,525,438
176,126,485,81,340,574,56,94,486,379,242
177,68,525,590,232,381,483,357,414,489,249
178,254,72,439,370,443,17,434,133,144,126
179,126,470,94,379,56,130,512,347,340,81
180,400,407,399,77,16,549,343,531,266,494
181,6,592,174,411,404,447,584,455,58,458
182,414,608,599,480,64,391,91,580,453,387
183,494,532,79,368,96,164,577,244,493,208
184,567,515,550,154,62,212,249,596,248,601
185,247,20,263,132,593,144,220,525,63,453
186,313,590,57,149,19,527,288,469,45,91
187,434,580,387,330,166,16,91,370,23,182
188,554,517,127,290,156,84,412,469,488,590
189,378,209,407,25,549,399,400,515,77,30
190,581,247,300,601,471,22,487,132,223,166
191,602,40,109,373,446,386,411,262,437,32
192,485,56,26,379,94,468,512,46,340,242
193,400,17,247,152,399,434,72,417,343,131
194,147,257,218,368,36,431,304,480,336,469
195,453,391,182,425,64,480,330,45,608,42
196,407,494,112,25,189,528,30,231,49,573
197,335,69,17,400,336,362,370,423,296,503
198,391,570,330,425,354,453,160,45,239,91
199,480,590,391,469,414,57,474,64,182,156
200,68,480,219,381,226,141,132,438,489,525
201,570,330,45,304,19,555,354,198,266,93
202,469,597,57,288,368,590,391,577,91,372
203,439,460,399,581,189,239,466,141,106,464
204,254,434,233,417,317,261,61,16,166,370
205,291,114,582,148,556,466,106,426,491,247
206,270,150,451,521,529,389,302,214,350,364
207,281,124,271,392,449,1,300,535,576,497
208,344,494,183,96,549,493,532,244,376,196
209,189,25,439,417,67,399,549,443,581,445
210,475,586,596,582,77,62,15,30,466,291
211,522,63,247,279,434,400,209,573,52,549
212,279,249,305,62,247,596,298,525,141,63
213,75,231,439,249,232,573,220,274,407,166
214,389,270,206,529,451,151,337,71,364,277
215,370,166,356,251,16,198,418,247,434,357
216,156,412,469,275,57,409,597,221,4,603
217,19,368,294,57,469,597,555,288,304,590
218,77,194,370,312,239,330,91,167,590,520
219,239,274,438,608,68,480,434,226,166,590
220,434,239,573,330,570,141,219,166,328,247
221,469,387,156,474,290,590,275,168,137,391
222,305,233,434,18,141,298,573,282,483,480
223,254,166,370,434,220,247,86,239,334,141
224,367,201,597,275,514,57,469,357,202,555
225,19,597,514,201,266,555,45,294,607,135
226,480,307,219,64,608,68,45,274,200,590
227,247,326,528,233,254,279,445,317,417,305
228,494,400,231,72,131,69,343,335,15,348
229,235,470,379,584,8,411,446,94,126,455
230,239,220,434,129,354,425,573,144,381,200
231,494,30,399,407,549,78,279,72,439,17
232,68,381,274,480,177,219,438,573,249,414
233,247,581,601,434,417,254,317,378,300,445
234,19,217,20,186,135,1,527,57,45,27
235,38,446,229,455,404,411,470,8,126,58
236,575,392,535,597,225,316,157,55,1,101
237,247,233,227,282,522,18,239,322,67,580
238,140,422,435,465,590,577,202,362,572,452
239,434,219,580,480,166,354,573,570,330,220
240,559,284,592,43,584,136,117,447,436,6
241,300,497,417,233,41,247,445,153,193,152
242,468,130,574,46,94,512,26,56,126,485
243,284,486,395,584,447,592,235,569,240,349
244,524,368,266,183,11,304,372,570,57,486
245,396,500,488,357,310,79,275,191,57,462
246,132,483,434,509,332,489,62,370,393,560
247,601,378,141,434,233,328,166,254,15,62
248,30,475,586,399,25,62,77,210,220,407
249,68,380,298,610,305,62,534,18,274,561
250,396,518,264,60,359,502,385,198,542,64
251,16,433,296,400,17,336,110,215,439,461
252,401,148,319,567,601,459,586,306,596,247
253,221,83,74,287,300,260,348,600,526,241
254,166,434,399,247,370,178,223,580,233,239
255,226,167,409,294,266,224,275,572,597,19
256,15,21,249,466,68,62,475,18,141,119
257,194,330,91,311,389,129,165,449,216,150
258,581,601,189,460,247,515,550,319,15,445
259,570,7,166,330,487,223,282,132,438,190
260,287,187,182,221,387,370,600,132,64,275
261,131,17,433,417,247,317,233,400,204,522
262,117,314,566,602,404,162,32,191,229,5
263,593,144,200,453,488,64,480,425,570,223
264,399,304,340,112,579,144,570,27,173,593
265,202,304,577,149,469,186,303,570,57,267
266,597,469,57,372,135,452,330,91,1,555
267,494,303,231,399,452,164,201,198,72,265
268,597,266,469,57,412,603,156,16,202,17
269,337,150,456,364,270,389,492,451,529,521
270,150,206,521,389,451,337,529,364,350,214
271,345,377,312,267,313,149,580,186,137,160
272,24,601,247,15,279,67,30,210,18,439
273,446,229,235,38,94,455,174,284,373,349
274,608,68,380,219,307,480,414,232,599,610
275,156,391,603,597,290,469,474,221,202,414
276,120,529,498,240,492,559,31,151,277,347
277,529,350,389,492,270,364,456,44,151,337
278,338,565,60,433,72,296,449,133,8,515
279,561,434,212,247,573,15,352,249,305,18
280,200,525,177,68,484,357,141,169,307,111
281,473,413,301,226,207,484,92,585,200,307
282,434,330,480,239,354,247,328,219,166,63
283,54,179,423,443,37,11,512,170,461,229
284,592,240,94,584,102,235,486,458,126,446
285,346,168,137,469,16,572,290,221,409,496
286,425,144,570,301,354,330,434,370,233,166
287,356,480,64,260,182,226,330,357,132,525
288,590,414,480,469,474,91,57,202,448,599
289,61,513,510,311,91,330,385,478,266,328
290,572,469,137,275,603,221,590,156,202,391
291,148,106,550,205,582,114,466,154,556,308
292,21,590,68,380,249,534,561,573,177,220
293,451,124,33,179,283,128,273,378,54,330
294,217,19,555,57,469,266,597,288,45,599
295,433,348,417,152,17,362,585,131,415,338
296,300,251,549,336,49,433,515,17,581,439
297,588,368,602,26,386,11,512,142,486,179
298,249,610,68,305,274,414,573,483,560,18
299,13,333,115,97,591,527,96,607,561,571
300,497,581,233,443,296,241,445,471,209,417
301,286,166,593,239,425,254,434,41,570,542
302,206,270,150,521,72,602,179,386,451,364
303,149,164,267,570,95,48,452,312,265,494
304,314,524,570,45,372,57,117,385,91,93
305,249,18,298,380,561,339,610,434,62,573
306,111,401,73,148,601,459,252,586,21,98
307,480,274,226,68,414,600,64,608,219,132
308,247,148,466,291,426,525,141,601,582,407
309,137,290,590,221,601,488,168,156,474,16
310,161,488,263,167,137,597,572,376,487,590
311,289,287,257,330,91,303,362,434,61,132
312,313,91,469,160,452,580,590,303,288,95
313,91,452,135,469,160,312,57,186,1,608
314,117,566,541,602,38,446,58,411,404,592
315,27,309,554,290,421,590,156,517,469,285
316,132,370,64,428,600,608,200,330,489,354
317,434,233,362,152,41,305,18,339,282,585
318,249,560,298,18,610,414,305,483,68,62
319,247,49,549,30,581,189,515,550,400,67
320,211,196,434,291,30,210,522,586,25,292
321,584,592,347,458,174,94,512,126,102,179
322,330,434,166,425,282,445,570,233,286,63
323,38,566,602,512,404,455,229,411,235,373
324,450,120,400,118,302,553,422,415,493,251
325,469,603,275,391,182,91,330,202,590,414
326,233,227,317,254,247,41,339,581,152,417
327,472,573,131,63,295,415,400,72,423,375
328,247,63,590,103,330,434,561,220,282,525
329,400,23,497,317,415,76,193,346,417,137
330,434,570,91,239,425,480,45,282,220,328
331,141,233,62,247,560,279,573,41,105,63
332,434,580,330,254,239,18,480,64,247,219
333,299,13,97,327,450,367,591,457,82,115
334,434,399,220,141,247,223,219,239,166,381
335,133,588,69,72,444,54,336,81,386,340
336,72,254,247,461,251,296,335,17,166,425
337,389,270,492,529,269,350,364,456,150,451
338,433,343,152,295,348,400,417,60,189,72
339,305,105,247,249,317,434,233,352,62,601
340,374,81,379,126,130,486,94,485,176,609
341,141,21,111,249,534,82,551,78,466,279
342,157,101,384,591,457,392,409,42,266,19
343,131,17,16,400,348,434,152,417,370,338
344,15,551,434,208,220,570,573,550,62,86
345,271,377,440,555,146,603,288,590,469,51
346,387,74,132,391,156,16,182,168,606,221
347,94,379,470,8,174,592,126,321,507,512
348,152,16,131,17,343,76,400,295,497,72
349,455,142,512,404,94,379,446,470,126,235
350,364,451,389,529,277,492,337,270,44,120
351,432,233,417,490,247,317,76,434,41,326
352,249,279,62,305,247,339,560,15,18,212
353,46,102,134,56,136,94,588,121,592,584
354,239,219,425,570,434,480,608,330,282,580
355,27,93,265,186,217,201,69,57,164,19
356,480,307,434,200,239,166,226,219,414,330
357,330,177,480,525,590,307,328,247,64,570
358,143,351,10,583,153,177,280,525,12,232
359,198,330,399,354,201,304,144,570,489,434
360,481,163,11,297,452,48,368,304,217,85
361,354,438,573,21,82,232,219,141,200,239
362,17,317,400,131,434,239,247,233,417,18
363,400,461,515,336,439,593,296,211,112,335
364,389,350,150,529,270,451,337,456,269,120
365,111,249,564,141,298,73,62,534,466,212
366,378,247,189,30,25,77,233,549,407,515
367,224,590,357,480,177,45,607,469,288,275
368,217,452,57,469,91,577,202,465,42,135
369,356,219,330,63,354,266,480,434,282,226
370,166,330,254,223,239,580,434,233,425,215
371,187,434,477,428,91,166,362,129,370,23
372,385,437,84,524,304,266,602,391,117,202
373,446,411,602,58,229,444,117,8,235,121
374,340,569,130,574,126,379,81,485,145,498
375,593,86,254,464,334,72,399,579,327,330
376,570,434,220,239,330,354,91,590,63,166
377,345,271,555,469,288,387,51,590,477,137
378,247,189,65,601,366,435,233,417,582,581
379,126,470,347,94,8,512,507,340,498,455
380,274,249,68,561,599,608,610,219,414,305
381,232,68,480,525,219,200,483,177,434,239
382,21,247,68,291,62,249,292,380,177,534
383,575,461,535,201,267,572,215,137,336,359
384,516,342,434,449,267,135,391,239,42,354
385,372,524,84,57,304,91,266,314,602,330
386,486,588,602,592,94,353,176,446,512,56
387,469,599,590,480,91,600,474,182,414,274
388,539,49,401,509,256,488,167,21,306,426
389,364,270,529,150,337,350,451,456,277,214
390,132,144,178,190,301,187,606,16,193,300
391,198,469,330,182,156,275,202,91,372,64
392,101,342,409,591,157,415,201,267,472,236
393,139,62,573,63,239,18,77,166,434,466
394,379,126,507,46,498,130,174,94,470,512
395,94,43,240,592,584,284,347,321,446,447
396,336,502,67,518,449,247,124,166,250,237
397,168,221,137,346,387,445,597,322,603,568
398,601,16,87,445,483,487,489,525,538,132
399,77,254,439,17,189,247,231,86,494,112
400,131,17,247,417,549,189,72,362,433,193
401,509,148,601,586,308,252,426,306,381,534
402,179,512,584,592,470,349,235,142,102,229
403,433,131,261,152,1,72,17,42,180,370
404,455,379,566,411,446,235,512,8,117,126
405,187,580,585,76,317,131,330,122,28,18
406,12,484,605,100,177,68,162,583,357,175
407,30,189,549,25,77,231,439,86,123,399
408,279,30,77,62,219,561,52,65,141,249
409,469,156,137,216,597,290,462,275,572,288
410,275,156,469,221,216,603,597,474,572,391
411,455,584,602,404,117,446,373,38,512,229
412,156,216,572,290,57,597,469,275,221,268
413,336,532,573,419,434,239,317,461,247,519
414,599,68,480,474,288,274,608,448,182,590
415,152,17,131,400,16,497,247,348,282,72
416,286,348,16,593,322,233,443,287,370,497
417,247,400,233,581,76,209,17,497,445,131
418,247,581,215,443,18,417,357,62,328,434
419,434,239,573,17,354,464,219,282,233,63
420,434,247,239,166,254,220,580,322,233,219
421,497,193,16,309,503,152,215,300,601,554
422,137,590,415,469,285,409,199,290,221,572
423,81,340,379,54,133,498,94,609,507,486
424,417,317,247,330,76,362,233,307,41,64
425,608,580,570,239,434,330,480,354,286,219
426,141,308,381,466,148,301,581,159,460,200
427,77,330,558,608,61,203,140,182,580,428
428,608,425,219,91,480,330,434,438,239,64
429,584,99,485,130,458,136,35,468,46,145
430,263,86,344,570,520,223,593,45,453,591
431,147,524,36,194,520,469,171,91,385,336
432,434,239,247,573,254,464,166,233,425,570
433,400,131,295,251,338,233,317,417,588,296
434,239,330,220,166,573,570,247,63,254,480
435,378,366,189,247,295,601,22,515,400,472
436,584,476,447,240,455,411,592,43,117,6
437,84,372,162,602,109,337,32,589,385,38
438,608,219,68,480,232,239,274,200,381,414
439,549,399,30,209,407,189,49,17,494,178
440,95,16,61,267,371,23,442,434,356,187
441,231,366,400,112,399,30,434,407,279,209
442,440,479,342,541,476,60,450,384,157,559
443,300,178,399,209,247,189,131,417,497,233
444,373,588,512,133,8,455,446,54,602,235
445,16,233,581,247,17,487,434,417,189,400
446,566,235,38,512,174,8,602,373,117,404
447,592,94,512,584,117,541,102,126,170,174
448,414,68,249,599,288,561,298,380,274,590
449,348,336,61,434,254,370,322,67,453,549
450,330,324,546,434,368,497,17,494,608,469
451,270,350,150,389,521,206,364,337,214,529
452,368,313,135,57,91,266,608,570,590,425
453,45,425,608,64,182,354,480,438,198,195
454,260,74,261,317,110,16,41,346,168,204
455,404,512,379,470,94,530,126,38,411,235
456,389,492,529,269,337,364,120,270,350,151
457,591,101,45,267,452,19,522,135,570,304
458,470,379,584,126,455,321,170,94,530,512
459,77,601,582,308,581,114,426,471,247,434
460,581,601,189,247,434,141,487,254,381,166
461,336,251,247,189,209,300,455,8,363,133
462,221,469,156,387,474,330,275,199,480,137
463,439,399,464,144,239,286,178,428,296,17
464,434,239,17,425,549,400,570,72,254,432
465,368,59,469,57,202,312,137,572,290,452
466,475,106,62,582,581,141,247,139,291,148
467,359,532,33,296,300,85,59,263,481,90
468,130,242,46,145,574,107,512,94,347,126
469,57,597,202,590,288,387,368,266,603,91
470,379,94,347,179,126,455,458,229,512,8
471,581,67,300,399,601,233,247,190,296,487
472,131,189,378,400,496,435,88,30,338,343
473,193,261,449,281,480,396,190,254,549,369
474,414,288,480,590,606,599,64,600,387,182
475,466,21,62,139,210,586,534,220,247,77
476,458,584,235,455,436,347,126,94,530,174
477,434,480,274,219,381,226,561,608,590,414
478,230,129,58,45,337,570,167,259,289,552
479,288,414,469,367,409,275,555,474,590,100
480,64,608,239,414,68,307,219,580,226,434
481,360,163,11,467,368,452,304,297,425,48
482,7,438,608,570,480,68,200,425,239,381
483,68,219,480,381,489,525,298,434,608,274
484,68,226,274,307,200,280,111,608,232,480
485,126,379,130,574,498,46,176,340,26,192
486,81,340,592,94,386,176,179,470,602,56
487,581,601,445,77,247,460,141,407,331,233
488,263,167,581,399,137,328,445,223,357,590
489,132,68,483,480,590,200,600,177,64,414
490,233,247,351,378,141,132,204,189,582,489
491,159,426,466,564,291,205,280,21,141,10
492,456,337,350,151,389,44,270,277,529,269
493,494,79,164,452,231,183,532,266,165,577
494,231,164,549,96,493,399,30,79,183,532
495,249,298,560,68,122,305,317,331,18,573
496,472,407,417,487,601,319,189,348,77,285
497,300,152,417,16,581,233,415,443,445,348
498,126,379,485,340,574,130,179,470,56,94
499,513,253,17,168,171,91,221,183,296,469
500,453,45,57,597,19,263,64,115,144,367
501,270,521,389,150,337,451,302,492,529,364
502,396,469,135,590,64,330,198,425,312,57
503,17,247,400,415,251,434,417,343,131,193
504,200,263,287,132,480,169,275,474,489,357
505,441,187,204,533,178,274,123,91,251,573
506,525,280,509,73,177,68,487,563,550,41
507,126,379,347,512,394,455,340,81,470,54
508,9,67,449,312,201,15,418,344,376,330
509,525,177,381,483,534,68,380,249,596,62
510,480,590,469,330,239,45,307,64,328,275
511,581,189,352,209,550,300,25,439,247,582
512,94,455,379,126,133,8,446,470,142,584
513,72,61,423,289,399,133,81,94,242,137
514,590,561,328,288,247,357,68,480,330,597
515,25,189,549,601,366,65,581,378,247,296
516,384,302,180,267,514,487,531,399,493,79
517,177,590,328,357,489,525,20,104,169,381
518,396,250,425,504,430,127,311,20,452,64
519,413,542,551,261,365,537,495,443,432,141
520,434,220,483,330,477,608,239,561,91,376
521,270,150,451,206,389,337,501,529,492,302
522,63,434,573,211,247,279,400,298,131,18
523,581,189,247,601,378,62,233,445,460,258
524,385,486,304,176,372,559,314,602,592,57
525,68,177,381,483,200,509,328,357,132,414
526,153,41,233,241,215,471,300,581,497,198
527,186,577,288,469,234,590,27,607,91,202
528,227,317,247,434,366,239,233,279,254,231
529,389,277,270,364,350,456,337,206,150,120
530,455,379,458,404,485,126,512,584,170,174
531,399,77,494,231,180,17,577,527,209,425
532,494,231,183,549,577,368,17,434,336,79
533,471,562,189,122,279,511,561,581,352,336
534,249,21,380,68,573,292,483,475,561,509
535,101,575,39,268,500,322,457,430,453,208
536,455,379,485,126,512,411,530,588,584,229
537,378,106,189,233,222,495,601,119,247,466
538,319,426,525,141,308,398,280,517,328,20
539,141,401,459,426,388,220,434,308,487,601
540,254,129,407,573,247,77,549,434,399,464
541,447,411,592,58,117,566,314,602,584,559
542,239,301,132,141,200,434,381,330,354,219
543,434,86,220,67,573,483,141,601,570,247
544,270,214,71,389,206,529,364,150,492,277
545,368,217,465,230,438,158,19,579,208,42
546,450,368,555,78,160,571,313,423,330,387
547,275,156,266,603,268,385,221,202,59,440
548,77,189,591,399,196,400,407,231,112,494
549,407,494,439,30,400,189,17,67,231,209
550,291,30,154,582,581,511,247,601,319,515
551,62,247,581,466,573,561,344,249,209,18
552,288,91,608,453,45,428,480,330,590,182
553,585,317,239,434,166,400,425,219,522,254
554,357,328,590,517,84,247,160,57,20,391
555,19,597,288,217,469,294,202,266,201,57
556,106,291,148,605,466,205,308,475,247,426
557,494,549,72,439,78,220,570,30,376,399
558,427,330,608,45,135,129,370,97,201,132
559,240,117,58,592,470,284,541,584,347,229
560,249,298,434,219,68,480,239,483,381,63
561,573,68,434,380,279,249,590,480,239,328
562,561,480,68,425,330,608,357,64,239,215
563,10,177,525,143,280,509,104,111,68,73
564,111,365,73,491,249,298,159,280,583,484
565,133,8,512,142,94,470,379,455,235,126
566,446,38,404,512,8,455,58,470,117,411
567,596,249,212,184,601,586,62,610,561,247
568,54,142,444,335,588,512,133,131,433,394
569,374,145,340,126,485,130,37,81,94,176
570,330,434,239,425,376,166,144,220,354,91
571,312,527,225,514,299,19,313,607,374,91
572,290,469,137,577,597,202,84,156,57,199
573,434,239,561,63,220,219,68,249,141,18
574,130,242,145,468,126,485,176,94,46,498
575,535,236,383,251,208,266,540,554,322,42
576,158,180,16,207,260,236,268,518,57,51
577,368,469,202,57,572,597,590,524,183,1
578,506,563,83,10,12,159,466,73,432,104
579,591,264,45,304,144,173,201,347,235,57
580,239,166,480,425,608,434,28,330,354,219
581,300,233,601,487,247,471,417,258,189,460
582,247,291,123,466,139,148,30,550,378,366
583,177,143,484,12,280,564,525,111,509,319
584,174,321,411,458,126,512,229,94,379,455
585,317,553,295,17,131,76,405,424,417,343
586,475,596,561,62,249,210,292,21,30,247
587,57,469,217,156,597,19,304,84,555,288
588,512,56,386,102,379,602,126,26,133,498
589,235,38,373,14,602,411,229,142,446,8
590,288,480,68,219,469,57,414,328,561,274
591,457,101,579,399,45,453,13,342,155,208
592,94,347,321,486,174,447,379,584,512,102
593,254,399,434,263,301,166,144,247,72,330
594,592,321,347,446,584,438,117,304,570,559
595,268,96,593,591,566,444,412,57,199,290
596,247,525,62,380,63,561,68,249,18,212
597,469,202,603,266,57,555,217,156,288,590
598,487,490,301,418,426,308,466,261,581,247
599,414,68,274,380,608,480,182,590,448,561
600,480,307,288,132,64,489,226,414,608,474
601,247,581,378,233,189,141,434,25,487,460
602,446,411,512,373,470,117,109,94,58,229
603,597,469,275,156,290,391,182,202,474,414
604,353,136,40,46,240,117,134,446,584,592
605,556,381,177,200,509,517,600,483,68,475
606,474,132,489,414,182,480,391,387,590,600
607,570,452,368,91,160,96,469,590,304,135
608,480,274,425,68,438,64,219,580,239,414
609,340,379,130,485,498,126,56,54,179,94
610,249,298,274,380,305,599,68,414,561,122
